y axis:
[-180. -176. -172. -168. -164. -160. -156. -152. -148. -144. -140. -136. -132. -128. -124. -120. -116. -112. -108. -104. -100. -96. -92. -88. -84. -80. -76. -72. -68. -64. -60. -56. -52. -48. -44. -40. -36. -32. -28. -24. -20. -16. -12. -8. -4. 0. 4. 8. 12. 16. 20. 24. 28. 32. 36. 40. 44. 48. 52. 56. 60. 64. 68. 72. 76. 80. 84. 88. 92. 96. 100. 104. 108. 112. 116. 120. 124. 128. 132. 136. 140. 144. 148. 152. 156. 160. 164. 168. 172. 176.]

1_3:
[0.99772985 0.99772985 0.99772985 0.99772985 1. 0.99545452 0.98169182 0.96538738 0.95357069 0.94401084 0.93435318 0.92213889 0.91967657 0.91473203 0.9047619 0.8972116 0.88959722 0.87416951 0.85581908 0.83977105 0.82889977 0.8151068 0.80671783 0.80390205 0.80390205 0.78967257 0.77518193 0.76041521 0.75742732 0.7514159 0.7544276 0.74839208 0.74230749 0.73617261 0.73308592 0.72687322 0.72374686 0.72060695 0.72060695 0.71745329 0.72060695 0.72060695 0.71745329 0.71428571 0.71110402 0.70790804 0.70469755 0.70790804 0.70469755 0.70790804 0.70147237 0.68842059 0.67846699 0.67511652 0.68842059 0.70790804 0.72060695 0.72998618 0.73924641 0.74839208 0.7544276 0.76041521 0.76635604 0.76635604 0.76339141 0.76041521 0.76339141 0.77225118 0.78101045 0.78679579 0.79539491 0.80952381 0.82341031 0.83706647 0.84246695 0.85050339 0.84515425 0.83977105 0.84515425 0.86373129 0.8819171 0.89973541 0.91473203 0.93192313 0.95118973 0.96303564 0.97007375 0.97473759 0.97937923 0.98859712] 

[0.98965846 1. 0.99587627 0.9917354 0.98130676 0.96225045 0.94716384 0.93623886 0.92518489 0.91399724 0.90267093 0.89580642 0.8912007 0.89350652 0.89350652 0.88657105 0.86780552 0.84862513 0.84376191 0.83641406 0.82152122 0.80635337 0.79349205 0.7856742 0.7856742 0.7804188 0.76443583 0.75359222 0.7563177 0.76980036 0.77512776 0.76980036 0.7617394 0.74811148 0.73142288 0.72293412 0.7143445 0.71145825 0.69684769 0.68793243 0.68793243 0.68793243 0.68793243 0.68493489 0.6789001 0.6789001 0.66974597 0.6789001 0.68493489 0.68192417 0.66666667 0.64469982 0.64469982 0.66357307 0.68493489 0.69684769 0.69388867 0.69979421 0.70565033 0.70565033 0.70856024 0.71145825 0.7200823 0.71721914 0.72293412 0.72860428 0.73142288 0.73142288 0.74811148 0.76443583 0.77777778 0.79089469 0.80379757 0.81901276 0.82900108 0.84131975 0.84376191 0.84131975 0.84131975 0.85104632 0.86780552 0.88657105 0.90267093 0.91624569 0.93623886 0.95149871 0.95149871 0.96010973 0.96438641 0.97499604] 

[1. 0.98790766 0.98058068 0.97319853 0.97319853 0.96326768 0.95323336 0.95575182 0.96575996 0.96326768 0.95323336 0.93284099 0.92247577 0.92247577 0.92247577 0.92247577 0.91462477 0.90405071 0.89603829 0.89065663 0.87431292 0.85203377 0.84352739 0.84067281 0.84067281 0.83493436 0.82333749 0.81747736 0.80860754 0.80263988 0.79662751 0.79360424 0.79056942 0.79963934 0.80263988 0.79662751 0.79662751 0.77521709 0.75955453 0.737068 0.7104982 0.69337525 0.66506217 0.64300975 0.61237244 0.5675521 0.53259163 0.56330071 0.59646394 0.61237244 0.64673737 0.66866687 0.68989966 0.70027467 0.6968335 0.69337525 0.70369902 0.7104982 0.72390501 0.74356211 0.75638309 0.77521709 0.79360424 0.80562923 0.82625196 0.84352739 0.85485041 0.86324522 0.87431292 0.87705802 0.88252261 0.87705802 0.8660254 0.86324522 0.86324522 0.8660254 0.87705802 0.90405071 0.93026051 0.94563776 0.95575182 0.96824584 0.97566545 0.97812615 0.98302907 0.99033794 0.99276227 0.99276227 0.99518069 1.] 

[0.96362411 0.96890428 0.98457491 1. 0.99744572 0.9871625 0.9871625 0.99744572 0.99231743 0.97677102 0.96362411 0.96097315 0.97153361 0.97415584 0.9662678 0.95564915 0.95029534 0.94491118 0.94220757 0.93404977 0.92857143 0.92306057 0.92029277 0.91473203 0.89784322 0.88640526 0.86896608 0.8660254 0.85714286 0.84213044 0.82684549 0.82065181 0.81753737 0.79859571 0.78895436 0.7824608 0.77919372 0.76930926 0.75592895 0.73192505 0.69985421 0.66240132 0.61858957 0.54398379 0.40406102 0. 0.40406102 0.54398379 0.61858957 0.66240132 0.69985421 0.73192505 0.75592895 0.76930926 0.77919372 0.7824608 0.78895436 0.79859571 0.81753737 0.82065181 0.82684549 0.84213044 0.85714286 0.8660254 0.86896608 0.88640526 0.89784322 0.91473203 0.92029277 0.92306057 0.92857143 0.93404977 0.94220757 0.94491118 0.95029534 0.95564915 0.9662678 0.97415584 0.97153361 0.96097315 0.96362411 0.97677102 0.99231743 0.99744572 0.9871625 0.9871625 0.99744572 1. 0.98457491 0.96890428]

[0.93369956 0.93917585 0.95003374 0.96609178 0.97927236 0.98709623 0.97927236 0.97665048 0.97138548 0.96076892 0.9446204 0.9446204 0.94733093 0.9446204 0.93917585 0.94190206 0.9446204 0.94190206 0.93917585 0.93094934 0.91986621 0.91427427 0.91146543 0.90864791 0.89442719 0.87705802 0.8623165 0.85334936 0.83512628 0.83512628 0.83512628 0.82275335 0.81019149 0.79097473 0.7811891 0.77459667 0.77789987 0.76460145 0.75447384 0.73728539 0.7125253 0.68687326 0.6484696 0.57735027 0.50636968 0.46958793 0.50636968 0.56839856 0.62429447 0.66409761 0.70891756 0.75106762 0.7811891 0.80064077 0.81335015 0.8289629 0.83205029 0.83819097 0.84731855 0.85933785 0.8741296 0.88578518 0.89155583 0.89728937 0.9029865 0.90582163 0.91986621 0.93369956 0.9446204 0.96343403 0.97402153 0.97665048 0.97665048 0.96874225 0.96076892 0.96874225 0.98188725 0.98188725 0.97665048 0.98449518 0.99227788 1. 0.99227788 0.98188725 0.96874225 0.96076892 0.96609178 0.96874225 0.95272887 0.93917585] 

[0.99139769 1. 0.99785637 0.99139769 0.98706842 0.98489665 0.97835241 0.96734698 0.9606832 0.95397287 0.94040859 0.92895373 0.91968713 0.91968713 0.90560945 0.88890376 0.88164728 0.87677626 0.87187803 0.86695213 0.86447865 0.84696207 0.82907549 0.80814907 0.79479032 0.78393943 0.78393943 0.80016058 0.81343115 0.81605937 0.80814907 0.80016058 0.79209153 0.77845727 0.76737546 0.75613126 0.7447173 0.73312566 0.71538612 0.71238659 0.70025997 0.67851709 0.66577385 0.66254974 0.656054 0.6494933 0.63616894 0.62598958 0.63279402 0.62255947 0.62940099 0.63952606 0.65930987 0.67535382 0.68791962 0.70331123 0.71238659 0.71538612 0.71238659 0.70937437 0.7063493 0.70331123 0.70937437 0.71538612 0.72726056 0.73604068 0.75329398 0.77293622 0.78120316 0.78938352 0.79747997 0.81079441 0.82907549 0.84696207 0.86199808 0.86695213 0.86695213 0.86695213 0.87921515 0.88890376 0.89610148 0.90797089 0.92895373 0.9381288 0.94495165 0.95397287 0.9606832 0.9606832 0.96955806 0.98053868] 

1_15:
 [0.99761621 0.98561076 0.97345727 0.97345727 0.97345727 0.97100831 0.96362411 0.96362411 0.9611501 0.96609178 0.97100831 0.96855317 0.95368958 0.94112395 0.92838826 0.92066229 0.90763953 0.88908728 0.87559504 0.86464967 0.85076996 0.83094897 0.81649658 0.8135753 0.81649658 0.8135753 0.82230802 0.81940745 0.82230802 0.81064348 0.80770103 0.8135753 0.8135753 0.80770103 0.80178373 0.78981613 0.79282497 0.78981613 0.77766439 0.75592895 0.7367884 0.7204496 0.69693205 0.66904338 0.64733887 0.61334369 0.58145958 0.56061191 0.5732115 0.59361684 0.6172134 0.63994047 0.6436503 0.66188763 0.67259271 0.6935073 0.70373155 0.71713717 0.7367884 0.74960307 0.77151675 0.78981613 0.79282497 0.79880864 0.81064348 0.82230802 0.82807867 0.83666003 0.84233236 0.84796676 0.86739896 0.88101673 0.8837151 0.8837151 0.8837151 0.89176123 0.91287093 0.93094934 0.94365046 0.95618289 0.96855317 0.96609178 0.97100831 0.97590007 0.98319208 0.98802352 0.98561076 0.98802352 0.99283145 1.]

12_3:
[0.89901011 0.90508457 0.91412058 0.9319298 0.949405 0.96656432 0.97503073 0.9806344 0.98342427 0.9806344 0.96939467 0.95228636 0.93486502 0.90810657 0.88673636 0.87115103 0.85528174 0.84561723 0.83911238 0.82925945 0.82594902 0.84561723 0.86166452 0.87429032 0.87429032 0.87741838 0.87429032 0.86800038 0.85847906 0.84561723 0.83911238 0.82925945 0.82262527 0.80580089 0.77459667 0.75670519 0.74208149 0.73466048 0.73092173 0.72338625 0.7119335 0.70029348 0.70419487 0.7119335 0.72338625 0.72338625 0.74942901 0.7781256 0.79553549 0.80919375 0.81928803 0.82594902 0.82594902 0.82594902 0.82925945 0.81928803 0.81257244 0.81257244 0.81257244 0.80580089 0.79553549 0.79553549 0.80239368 0.81257244 0.82262527 0.83911238 0.85528174 0.88673636 0.9171128 0.94651488 0.96939467 0.9806344 0.98620624 0.99725651 1. 0.99450545 0.9806344 0.96939467 0.95515903 0.94070798 0.92009529 0.90810657 0.89901011 0.89595744 0.89901011 0.90508457 0.91111854 0.90810657 0.90205245 0.89901011]

[0.91237735 0.90941026 0.91533482 0.93288277 0.95577901 0.97259753 0.98913011 1. 0.99185875 0.97259753 0.96141787 0.94153411 0.92122128 0.90344685 0.88836321 0.87301899 0.86680526 0.86680526 0.86991767 0.86368162 0.86054665 0.85740022 0.85107246 0.84789086 0.83827364 0.8285448 0.83504329 0.83180039 0.82527637 0.81870035 0.81870035 0.82199494 0.82199494 0.83504329 0.83827364 0.85107246 0.85107246 0.8542422 0.85107246 0.84789086 0.83827364 0.82527637 0.81207109 0.78842985 0.76051192 0.74253037 0.73888155 0.74253037 0.75694978 0.77459667 0.79185038 0.80202447 0.81870035 0.8414916 0.85107246 0.86054665 0.87301899 0.88531564 0.89442719 0.89744382 0.89140036 0.88531564 0.88225755 0.88225755 0.88531564 0.89140036 0.90045034 0.90643346 0.91828277 0.93288277 0.94440028 0.95860259 0.96702385 0.97259753 0.97537242 0.97537242 0.96422494 0.95010668 0.93577544 0.91828277 0.90643346 0.89442719 0.88225755 0.87918882 0.89140036 0.90045034 0.90941026 0.91237735 0.91237735 0.91237735] 

[0.979257 0.979257 0.979257 0.98820018 0.99706314 1. 0.9911633 0.979257 0.9702314 0.95806501 0.94574212 0.93010894 0.91741061 0.92060161 0.92695067 0.92695067 0.92695067 0.91741061 0.9077703 0.90453403 0.894755 0.8848679 0.87486907 0.86813921 0.86475464 0.86135677 0.85794544 0.8545205 0.84416229 0.84762909 0.86475464 0.88154756 0.88817583 0.88817583 0.89147148 0.89802651 0.89802651 0.88817583 0.87486907 0.85794544 0.83718562 0.80504276 0.76392258 0.69560834 0.61027372 0.55490349 0.54959329 0.5653743 0.59073988 0.63845488 0.67419986 0.72855459 0.78288136 0.82305489 0.85794544 0.88154756 0.90128615 0.91420847 0.92695067 0.93639353 0.93010894 0.93639353 0.94574212 0.94574212 0.93325653 0.92695067 0.92060161 0.93325653 0.94883784 0.95499919 0.9519235 0.94883784 0.94883784 0.9519235 0.94883784 0.94263622 0.93639353 0.93952006 0.93639353 0.93952006 0.93639353 0.92378159 0.92695067 0.93325653 0.94574212 0.94883784 0.9519235 0.95499919 0.9641674 0.97625774] 

[1. 0.99392092 0.98780442 0.98473193 0.98473193 0.98473193 0.98164982 0.97234487 0.96295001 0.96609178 0.98164982 0.99392092 0.99696509 0.99696509 0.98780442 0.978558 0.96295001 0.94387981 0.92441628 0.91120965 0.90453403 0.89442719 0.87732375 0.85988019 0.85634884 0.8633971 0.87732375 0.89780878 0.91452919 0.92441628 0.94066385 0.96295001 0.97234487 0.97234487 0.96295001 0.94708484 0.92768856 0.90453403 0.85988019 0.80903983 0.75478273 0.68755165 0.60802711 0.51639778 0.37335498 0. 0.37335498 0.51639778 0.60802711 0.68755165 0.75478273 0.80903983 0.85988019 0.90453403 0.92768856 0.94708484 0.96295001 0.97234487 0.97234487 0.96295001 0.94066385 0.92441628 0.91452919 0.89780878 0.87732375 0.8633971 0.85634884 0.85988019 0.87732375 0.89442719 0.90453403 0.91120965 0.92441628 0.94387981 0.96295001 0.978558 0.98780442 0.99696509 0.99696509 0.99392092 0.98164982 0.96609178 0.96295001 0.97234487 0.98164982 0.98473193 0.98473193 0.98473193 0.98780442 0.99392092] 

[0.92284796 0.9258201 0.9258201 0.93467982 0.94345635 0.94926229 0.94345635 0.94345635 0.95503294 0.96930926 0.97213937 0.97496126 0.96930926 0.96076892 0.95215199 0.94345635 0.9258201 0.89258238 0.86443782 0.84515425 0.83862787 0.83534556 0.83205029 0.83534556 0.84839862 0.86125388 0.87392006 0.89258238 0.9048101 0.92284796 0.94926229 0.95790522 0.93467982 0.9078413 0.87392006 0.83534556 0.79490133 0.75228589 0.71098137 0.6588368 0.62458778 0.60219379 0.57893422 0.53963765 0.50273975 0.49724516 0.55963096 0.63764677 0.69929321 0.76316288 0.80860754 0.84189739 0.87705802 0.89258238 0.9048101 0.9078413 0.91086241 0.90176871 0.8833005 0.85485041 0.82874193 0.80520286 0.78446454 0.77388701 0.77032889 0.76316288 0.75955453 0.78095461 0.81199794 0.84515425 0.87077078 0.8833005 0.9078413 0.92878273 0.94636378 0.96076892 0.97496126 0.98616808 1. 0.99449032 0.98337834 0.96930926 0.95503294 0.95790522 0.95790522 0.94636378 0.93761446 0.92284796 0.91387353 0.91387353] 

[0.90982294 0.91287093 0.91893658 0.92796073 0.94280904 0.95160683 0.9545214 0.96609178 0.97467943 0.97752522 0.97752522 0.97752522 0.97467943 0.9486833 0.91893658 0.90061707 0.8850612 0.86922699 0.84983659 0.83997354 0.83333333 0.83997354 0.84327404 0.84983659 0.8660254 0.87876176 0.88819417 0.90369611 0.91287093 0.90982294 0.90369611 0.89131613 0.87559504 0.84656167 0.80966385 0.77100223 0.73786479 0.71879529 0.69121471 0.65828059 0.62804812 0.61913919 0.63245553 0.64978629 0.65828059 0.66666667 0.7110243 0.77100223 0.8232726 0.84656167 0.85634884 0.85958646 0.85958646 0.85958646 0.85958646 0.85958646 0.85309893 0.83997354 0.81989159 0.79232429 0.76011695 0.73786479 0.72648316 0.75277265 0.77459667 0.79582243 0.81308739 0.83997354 0.86922699 0.90369611 0.92195445 0.93985815 0.96321222 0.98036274 0.99442893 1. 0.99442893 0.98882646 0.99163165 0.99163165 0.97752522 0.96032402 0.95160683 0.9486833 0.94575073 0.94575073 0.94575073 0.92796073 0.91287093 0.9067647] 

12_15:
[0.93848751 0.94711085 0.94996791 0.95848797 0.96973161 0.97807953 0.98084638 0.98910049 0.99456518 1. 0.9863568 0.97530483 0.95565639 0.93848751 0.92099863 0.9001656 0.88498465 0.87264977 0.87883885 0.8880416 0.89108807 0.89108807 0.8880416 0.8819171 0.87574978 0.86953871 0.86328295 0.85698153 0.85381338 0.8442376 0.83455195 0.82475257 0.80479592 0.78777929 0.77038687 0.77038687 0.77389663 0.77739053 0.78086881 0.77739053 0.77739053 0.78433166 0.78086881 0.75976034 0.74898305 0.7380484 0.74535599 0.75259263 0.75976034 0.75618498 0.75976034 0.76331895 0.76331895 0.76331895 0.77038687 0.78777929 0.80479592 0.82475257 0.83779295 0.84744155 0.85381338 0.86328295 0.87574978 0.89412415 0.91212846 0.92099863 0.92978419 0.94137074 0.94996791 0.94996791 0.94424516 0.94424516 0.94424516 0.94137074 0.94137074 0.94137074 0.94137074 0.94137074 0.94424516 0.94424516 0.93848751 0.9355954 0.9355954 0.93848751 0.93269432 0.92686493 0.92099863 0.92099863 0.92686493 0.93269432]